$ 1 0.000005 0.625470095193633 99 5 50 5e-11
v 480 176 544 176 0 0 40 5 0 0 0.5
r 544 176 544 272 0 110000
r 544 304 544 368 0 10000
a 624 288 736 288 9 5 -5 1000000 0.4156681854812279 0.41666666666666663 5000
w 544 272 624 272 0
w 480 176 448 176 0
g 448 176 448 192 0 0
g 544 368 544 400 0 0
w 544 304 544 272 0
w 624 304 480 304 0
r 480 304 432 304 0 2000
v 432 368 432 304 0 1 20 0.5 0 0 0.5
g 432 368 432 400 0 0
r 480 256 528 256 0 10000
w 480 256 480 304 0
w 528 256 752 256 0
w 752 256 752 288 0
w 736 288 752 288 0
w 752 288 800 288 0
o 11 64 0 4098 5 0.0015625 0 4 11 3 18 0 18 3
